1.553777457099943859e+00
-1.010276819751808608e+00
-2.935211489995128264e+00
-3.586105922942744995e-01
-3.358632745670090181e+00
5.481763156801362502e-01
-4.373852658997840481e-01
-2.903304733427517714e+00
-2.794247913923738391e+00
-1.410637324310611396e+00
9.898825005832330159e-01
-9.761597728610638125e-01
6.350121669649372302e-01
2.966116315185198804e+00
-1.439581539063448767e+00
1.229195371934987291e+00
9.591336566606211145e-01
-2.337006552646358593e+00
3.024645490632888123e+00
2.089337517011432777e+00
2.346858318727847781e+00
5.218741654761130944e-01
7.276907772270324593e-01
7.877570105854708737e-01
1.646493438568775503e+00
-3.294842416581657663e+00
1.578306949452754626e+00
3.859808956681607839e+00
9.971852794767489536e-01
2.008000365235049767e+00
7.120342687391877368e-01
5.928187675000974322e-01
2.503930890200873449e+00
-1.406031109995401707e+00
7.484270529011497475e-01
-9.192266093424933393e-01
9.845268090929805427e-02
4.413298599176919135e-01
2.963385873488890709e+00
9.957643203239245899e-01
-1.235011362635346499e+00
-1.056432485334525051e+00
-5.678139191460112478e+00
-1.901987861607362884e+00
1.290628541572671040e+00
3.015317221324648189e-01
-1.164843409202864555e+00
3.088563614755333919e+00
4.567700115009114270e-02
2.984109552398987564e+00
-2.285142638824974703e+00
-2.335002907566031904e+00
2.633861937941517795e+00
2.003088465989040223e+00
1.022737949614562991e+00
2.543581499582996397e+00
-9.464680967115074450e-02
1.944880580598738806e+00
-9.409978505625028466e-01
-8.076838440071923975e-01
-2.611602340013529755e+00
-3.867743500444881910e+00
-5.222862870559751708e-02
1.290508783263382364e+00
-2.802785646574981193e-01
1.725290006101158902e+00
-9.903167648278646817e-01
2.366816133624227714e+00
3.484849960747149922e+00
-9.850254169248996439e-01
3.902323379042018203e+00
1.693266242146808542e+00
6.342592282968998463e-01
3.539746915427440133e+00
-3.531691617482406009e+00
9.750399362352987209e-01
-3.143507721756806372e+00
-2.676960745105820827e-01
7.720555398151295323e-01
7.679265282569389672e-01
-7.495553579173968028e-01
2.784654419065072162e+00
4.100544156225933157e-01
1.934954040576956080e+00
8.177177084475333313e-01
-3.040859614716089898e-01
1.830828609280535479e+00
-1.132119184345136587e+00
-2.175231327756180111e+00
1.736387006383926401e+00
2.093193603989669249e+00
-3.054242288250806237e+00
3.338910924088748455e+00
-1.215314783429613632e+00
7.844798947073385043e-02
-2.542166482655173976e+00
2.709760389626152954e-01
3.148109284483116443e+00
-2.523382769345918319e+00
-1.101825686648020941e+00
-2.156778137070320067e+00
2.527909791151400132e+00
-1.919024385165673863e+00
3.123211359611135052e+00
1.512428189338639095e+00
3.069140714678058490e+00
-8.595996627169100179e-02
-3.298684716321626520e-01
3.867035387313379591e+00
-9.697476531001461009e-01
-2.821091985848422912e+00
-9.133749720659345428e-01
-6.176102312269112771e-01
1.199884006548959325e+00
-6.760271827806689782e-01
-3.621273179257779251e+00
-4.658136365180684635e+00
-1.933697030614138113e+00
-7.469728149595241673e-01
2.788852710630044029e+00
-1.363179390088018028e+00
1.144414111009242285e+00
-2.521757241650127157e-01
2.991916466959283927e+00
-1.633784790942170773e+00
1.838954092316486433e+00
1.249631493826860673e+00
-1.409444768842522899e+00
2.443384297288405449e+00
7.746209354792744639e-01
-4.977736679478887982e-01
5.327866356218385196e-03
-5.595009944420472475e-02
7.993857791183610617e-01
-5.984659211421816671e-01
-1.104920045749827162e+00
-7.518630664138883923e-02
2.167648226624873775e+00
-1.998955343728870071e+00
-2.567794487690068461e+00
-1.299921985848004446e+00
1.205047061091339966e+00
3.874030054640251297e+00
5.403717007283916907e-01
1.179472719897786126e+00
5.993545799122308004e+00
-2.768646551465343997e+00
-1.883399631284974340e+00
-8.710659831275030518e-01
-7.793244519027815453e-01
1.826558339881866333e+00
8.723295380514831665e-01
-3.174436802390145917e-01
1.181068899490968604e+00
-1.786930985123700744e+00
-2.947712603872420178e+00
-2.663287919086502198e-01
3.204137430141869025e+00
