2.711014750688405250e+00
-1.040666078347284751e+00
-5.258272615927901406e-01
-1.032337692202984769e+00
-5.683865379078042457e-01
3.024023714091804482e+00
1.756045255528423610e+00
2.667511017852788768e+00
-1.234371863714789797e+00
-2.860936827921033210e+00
1.896480560621186084e+00
-6.411247220401522506e-01
8.524169666205092533e-01
1.708807930553952081e+00
8.261319346098521255e-01
-1.752217708338221325e+00
3.608330122153800557e-01
8.488810278083614991e-01
9.029850185297897402e-01
-1.840705986311370390e+00
-2.763675308984788082e+00
-5.197527862028523682e-01
-1.568318542900511425e-01
2.314940309511785532e+00
1.063763666091342319e+00
-4.139786860019154524e+00
4.837817124451454509e-01
-2.446689101175314462e+00
-3.381477449923174783e-01
-2.710872750521418961e+00
7.855649946695482111e-01
6.673110234650599937e-01
-3.992283773857316920e-01
2.825662231567521498e+00
1.382003850461408501e+00
-9.757870939707322666e-01
1.159298641947801300e+00
1.284014972520784725e-01
-1.057325306169875301e+00
-2.213543720476318200e+00
1.969514908712864498e+00
-3.353410773314144389e-01
1.495732079639132461e+00
9.656634363596071635e-01
8.630934841670678814e-02
-2.003161704730599957e-01
3.276218274948539122e+00
2.530558425730748962e+00
1.140308876962331103e-01
-2.935172761593109136e+00
-1.940184688081538211e-01
1.291507723957616705e+00
-1.594787862944307744e+00
1.507770405942788550e+00
1.570830193441727030e+00
-2.392722020027827856e+00
7.308046258286311492e-01
-4.607914617984090744e-01
3.281079772052424293e+00
-1.002995370137005696e-03
3.469654987528478340e+00
2.255760622157661766e-01
2.400276892769038772e-01
1.686033428332712303e+00
-5.193563838633016294e-01
1.105203132394451393e-02
-1.710630562831259249e+00
-4.651308865998520781e-01
-6.781496857860548344e-01
-1.499944627107997253e+00
-7.509463672534330003e-01
-3.764380388273145250e-01
-1.127605089038490549e+00
-8.140547513575774330e-01
-1.355416246769906297e-01
1.760790000391031063e+00
-1.604108966990925644e+00
1.603821131889212825e+00
-2.802510728117503236e-01
1.220460689551612576e+00
1.659580058854688567e-01
-2.879617493920608728e-01
1.426575985330451324e-02
-8.433086331795965895e-01
1.792185319152527212e-01
-8.562261362517397112e-01
1.307748592549102362e+00
-1.754430964396423542e+00
-2.955787157083608618e-01
1.932961295301067306e+00
8.965532733331673665e-01
9.287872451819000064e-02
2.895537797483323850e+00
8.262773939931858935e-01
5.483132450475337594e-01
-1.888001230381921094e-02
-1.099939815372449115e+00
1.308659946277483499e+00
2.427168803693969590e+00
-8.775746114739961801e-01
-1.047331548831893722e+00
2.505565974344393099e-01
-1.674384426776482471e+00
-1.815575821692362590e-02
-1.220685980342658405e+00
1.592297766760047084e+00
-1.307703032248858310e+00
1.822907412550149875e+00
1.092760848963229975e-01
-5.072026063291378284e-01
4.460183418415931134e-01
-3.810465792983429578e-01
1.131443593629229138e-02
3.473660649712628778e-01
2.042914666432323223e+00
-1.066526139725026745e+00
1.762451866176693693e+00
-2.323405376402115086e-01
-9.204211338486047167e-02
-1.465109089015692145e+00
-1.117424130521081027e+00
4.532200023733732319e-01
-1.039497961901744372e+00
1.413819700404706836e+00
1.302148601741387246e+00
1.267279218831414700e-01
1.543896702523372522e+00
-1.634469434290352741e+00
4.308302591934305703e-02
-6.542381420234494316e-01
-1.067201803444299824e+00
-8.622836458072757893e-01
1.285298337320774253e+00
1.530829195728175829e-01
-2.798456315237443981e+00
-2.334300399424620864e-01
-2.501033418396903851e+00
1.326554095946554712e+00
1.728493601247440115e+00
1.449243441486949557e-01
-1.071172568788827828e+00
-9.309344660127019111e-01
8.444872680839108359e-01
-3.186797146629707367e-01
1.176898341495955957e+00
-5.246899771045963057e-01
8.073704035996718265e-01
3.456358950769841676e-01
5.428303906188978178e-01
6.288935645932176577e-01
1.285901202620080008e+00
7.291976463773086614e-01
-1.316178479619465103e+00
5.957865769369030673e-01
-9.069869027465474187e-02
6.533699006766525708e-01
2.503856883016620238e-01
1.951628957062364611e+00
2.956686978078169936e+00
1.140563829961005915e+00
-2.074718653963372739e-01
-9.769868904718704838e-01
-6.926755414073765271e-01
5.625161968093935760e-01
-1.191149862220347133e+00
-1.350952221940603160e+00
2.727451523960049418e+00
-9.485803609652007085e-01
-3.378825723110152168e+00
-1.093389369733869521e-01
-1.778808573451849395e-01
-3.612418114660460589e+00
1.136022424587782353e+00
-1.207213593637330495e+00
6.940165973914504960e-01
1.907504789221029950e+00
1.325537656687923782e+00
-4.821353845421986195e-01
-5.795331562514505208e-01
2.490195995841451848e-01
-4.926147791771381401e-01
-1.615808290537719794e+00
1.157632274227890390e+00