1.391957485338864431e-01
-2.744464992994667674e-02
-5.681226026668594331e-01
7.776694111414471366e-02
3.655055700790424411e-01
-3.619108076223545023e-01
-2.122637154999629516e-01
3.828803847356990753e-01
4.878867434935602043e-01
-4.286944735875424239e-01
1.536118878047725567e-01
8.069024455611641111e-02
-3.859994869008244109e-03
2.271964806998565956e-01
3.917172525277137773e-01
-1.670373921400317152e-01
1.313552644712446815e-01
3.653632321031316521e-01
7.672806608166283793e-01
-1.170711574579583886e-02
3.878256925563634827e-02
5.003837566067490528e-01
-1.878514278216865119e-01
2.134690506111092678e-01
-1.702011923226549872e-01
3.469557420495560374e-01
-3.619538930142111588e-01
-2.580548910932580764e-01
9.589205717498537895e-01
-3.792863780825272285e-02
-1.276515487577108143e-01
6.136919546865980957e-01
5.313985683250260772e-01
5.480937625523728540e-01
4.093154235864436830e-01
8.513556754523227132e-01
6.475804335028790826e-01
-7.304164918582016497e-02
-9.537543319473278103e-02
1.373523149177438285e-01
3.113818483882042631e-01
-9.132314574267816343e-02
-8.010705431176447233e-02
-6.886143005284469862e-03
-4.242479304881304758e-01
-5.711699372384988482e-01
-9.179455424399239616e-02
4.322732917263773511e-01
-1.102510458157028639e+00
-1.477963993122162478e-02
-4.025662920242932541e-02
-5.433270366587495959e-01
3.789085806003573975e-03
-6.865696142147938996e-01
1.176163294821418875e-01
-6.788171876664153004e-01
-9.675592487198551861e-02
4.580941549973945315e-01
4.484310326040985006e-01
3.229780449119555308e-01
2.188431456683886250e-02
1.172515883928219177e-02
-3.499776833299679257e-01
-4.371089191354757264e-01
3.998883039129539491e-02
2.095633132438730339e-01
1.268574666306176546e+00
8.342115083002737963e-01
-4.178581654677759327e-01
5.693761146334869010e-03
2.907269223199034774e-02
-2.315419241726688615e-01
1.351445309434067821e-01
-4.129302758004092522e-01
-1.047342101831966049e-01
-3.483286575409598185e-01
2.323393049503054975e-01
-3.400815824999963710e-01
6.508233305457757911e-01
6.270568385926805766e-01
-4.338759667123893299e-02
-8.561188369439143298e-01
7.572709179773873256e-01
-4.218812518227456065e-01
7.585100820694163914e-01
-1.870423834539921837e-01
1.062162661100571670e+00
-2.159632332697301038e-01
-1.065258590450112175e+00
-2.924369575613674499e-01
2.896972817185252680e-01
-2.337235038444326063e-01
5.799024624908432068e-01
-1.055161810194758631e+00
4.551945169691282711e-01
5.189308092887596757e-01
-4.630737178702395984e-02
2.499166039857274590e-01
5.836578179463964428e-02
1.895080633964593975e-01
1.261427318847553047e-01
6.993686481723075943e-01
2.561351450554321119e-01
1.211958740382953481e+00
5.267288837467374307e-01
-4.020891290521961259e-01
-6.808862034024339149e-02
8.543652244753692226e-01
-7.447816990405545234e-02
-2.032597971271958015e-01
-4.127727627781318520e-01
1.524760799671389874e-02
-8.732663914926414028e-03
-5.825340536654852741e-01
-4.033331889522664970e-01
-4.045894682854960650e-02
-2.982348903992593572e-02
-1.188235626881917334e-01
2.955406097230177664e-01
-1.999604425616153813e-01
5.589354350416411016e-02
5.658593883439057004e-01
-2.910428983133134806e-01
2.346656766520749671e-01
3.513678080577530005e-03
4.912908991234519740e-01
1.944233336437304338e-01
1.028281397540521253e-01
4.016125949934122308e-01
3.712574917087994031e-01
1.343112740737759658e-01
2.753094269637768043e-01
8.163248943781259426e-01
-7.471335580503880580e-01
-7.729104924876571969e-01
4.853198938853987010e-01
8.599617639020749882e-02
2.729113009005324497e-01
-2.320077597272399150e-01
-1.684249653665389479e-01
-1.824206468368105571e-01
4.960249434610211061e-01
9.937692917258211800e-01
2.460877993790986373e-01
-3.817351609499635146e-01
9.121496408213132512e-02
2.016258676863608712e-01
1.044856495079863612e-01
1.532716112290498089e-01
8.119114128898092808e-01
-2.123310546789928532e-01
4.863144027492726229e-01
4.831006898749420353e-01
-2.781491790175667500e-01
-4.568546964709437885e-01
-6.576101662772331213e-01
-1.071763329890426109e+00
-3.391185804398259562e-01
