-6.956834953782208286e-01
4.498345881321573758e-01
-4.601453388311621540e-01
-9.975155013882695820e-02
-9.013497229979487990e-01
-5.493309006665259009e-01
-5.490536313455081086e-01
-1.604396565408718056e-01
-9.383927670886903494e-01
1.708258197793316002e+00
-4.072553998752446169e-01
-5.395608146594501608e-01
-1.759291221708597641e+00
9.162983417518624218e-01
8.619464678167499949e-01
-1.001329461863288639e+00
-7.874649635779243928e-01
1.567704331479905733e+00
-9.567152476425978824e-02
5.038441448170813963e-01
-4.285297017340780612e-01
1.571735154734784423e+00
-6.003938562235016096e-01
-8.906579947969419653e-01
-9.840049954085803297e-01
1.096762040264176896e+00
5.299430260615086707e-01
8.888774826568992538e-01
-5.811854442734112891e-02
1.273919910061018568e+00
-4.364001174460740429e-01
-1.405545686775398484e-01
-2.911521160945645392e-01
-3.720348332956376902e-01
7.906358395861678989e-02
-1.069579355866218107e+00
-9.665157510823317866e-01
-5.622479168002535443e-01
-2.211655730957034383e+00
-9.694011776378100853e-01
3.098357759340268913e+00
2.085666930914206851e+00
9.195581784211470655e-02
2.703302237696214139e+00
-6.039642063146009043e-01
-1.502135380235387396e+00
-5.527656409520167458e-01
-5.270871995541294153e-01
2.035473014040082074e+00
-1.840323397667122496e+00
-7.356099600621316403e-01
-1.353145255477433251e+00
6.820245994359330766e-01
3.260216931056029166e-01
-2.372792598541246356e+00
-1.005842177175843982e-02
-1.198974027857968139e+00
-5.028880879669973478e-03
-1.250186443292898630e+00
-6.392812941702238350e-01
6.032463586939538214e-01
2.187473306172597276e+00
-6.919204104612005635e-01
2.916245116498805134e-01
2.085242457940686300e+00
5.799584973549462563e-02
8.978433225926393257e-01
-2.124867863277579261e+00
9.295342358363850588e-01
-5.403451903593798900e-01
2.623522774921204226e-01
-1.303215259982527963e+00
1.091461566881452683e+00
-1.396216699325560029e+00
-3.841929012409245892e-01
1.057795874135224246e+00
1.320460784160519194e-02
-1.878671083571490152e+00
5.453226261873874714e-01
3.013311981467799439e-01
1.231479053081446784e+00
1.248253001970985737e-02
-5.000017298090521090e-01
6.212102545631797978e-01
4.457919276594283775e-01
3.735020236330033883e-01
-3.285803553195326687e-01
6.269563062123065800e-01
2.095600890553862006e-01
5.081411975789386082e-01
-3.235107886818673895e-01
9.465408979067196915e-01
6.587697898806326169e-01
-1.090759611902371695e+00
1.825174053949244202e-01
1.479597937001043029e+00
-1.413427716925711675e+00
9.495421973017389994e-02
-3.389432023815984740e-01
-3.547916041640867268e-01
-1.749541271066652248e+00
-2.355504460814050294e+00
8.159321818452102137e-01
1.006299398511012244e+00
7.002312208154714002e-01
-1.494806751949673829e-01
1.364799080749555804e+00
4.218638309004349440e-01
-4.830048732225374342e-01
-1.686665603567502503e+00
-1.359423527288667444e+00
6.244339868757831785e-02
7.738551681523705428e-01
1.476638487206016981e+00
-1.488151689779179998e+00
-2.029765078179446569e-01
1.691950812401027626e+00
-1.325242917274477121e-02
-1.257624595740103990e+00
7.715408635557376993e-01
-1.571751411902187368e+00
-5.440442696376578402e-01
-1.488832406879058823e+00
2.053623895972835012e+00
-1.091770943246876513e+00
1.367463723333560699e+00
2.578937693420021215e+00
-1.280416951965356764e+00
-1.472426579449677697e-01
-2.507095102981273665e-03
2.915299472878058573e+00
1.504922894823065960e+00
7.334013434141637422e-01
-1.220093786647103773e+00
-7.449722089024608529e-01
-2.542189203613153037e+00
-3.948313733552618610e-01
3.967029716241760040e-01
-4.366104302160888628e-01
-1.656087554276123308e-01
-1.435518277041585855e-01
-1.793400641156400743e+00
5.542550627718877410e-01
9.006602049207157457e-02
-1.091445166293035507e-01
-1.155406822232690089e+00
6.335805401265875991e-01
-1.420305940366012598e-01
5.638260805532681053e-01
-1.517924943107851865e+00
-3.127563119452773321e+00
1.215164503308607813e+00
-7.457410713917638212e-01
-1.486871386910512960e-01
8.760515923812471906e-01
1.899752521756097767e+00
1.227541072127718014e+00
5.791890891127576824e-01